Name,Mean,MeanLB,MeanUB,Stddev,StddevLB,StddevUB
"sums/nf/foldl",1.3534217174550933e-7,1.3498920897088566e-7,1.3577171247871715e-7,1.986065982619005e-9,1.6895515915290095e-9,2.5708980984960902e-9
"sums/nf/foldl'",1.3549217205111317e-7,1.350717295726553e-7,1.360554894436578e-7,2.480387670487012e-9,1.9771958536458226e-9,3.083556109639328e-9
"sums/nf/foldr",1.466269719983211e-7,1.4627051439862962e-7,1.4711121031697926e-7,2.1181554546544864e-9,1.6741597294444762e-9,2.9175373803020985e-9
"sums/nf/sum",1.3562404051941848e-7,1.3532205928912506e-7,1.3600957966294843e-7,1.7511836282718034e-9,1.478135127356959e-9,2.3235854306121554e-9
"sums/whnf/foldl",1.269502825963912e-7,1.2652254212702416e-7,1.2750804957090645e-7,2.489249204960596e-9,1.985020477347341e-9,3.1205692364244812e-9
"sums/whnf/foldl'",1.269020014947171e-7,1.2660723043975638e-7,1.2723109331100657e-7,1.5952706745914293e-9,1.4660693258258944e-9,1.761882645816218e-9
"sums/whnf/foldr",1.4458279678376368e-7,1.4419439400433054e-7,1.4508759388146347e-7,2.2608289609702132e-9,1.8332385185759536e-9,2.9152095798380907e-9
"sums/whnf/sum",1.2563787441001034e-7,1.2529341619956253e-7,1.2613545548579989e-7,2.105932922870567e-9,1.6112163020089502e-9,2.879818275024102e-9
"comparing sums nf/whnf/nf/foldl",1.3517607085122066e-7,1.3486118938022642e-7,1.3554891847644974e-7,1.754138886760955e-9,1.5457078626912154e-9,2.1312257630976177e-9
"comparing sums nf/whnf/nf/foldl'",1.3537016881322477e-7,1.3505097294482937e-7,1.3579975446959223e-7,1.8912711449133047e-9,1.5448657373295422e-9,2.6093200510831474e-9
"comparing sums nf/whnf/nf/foldr",1.4613212920719563e-7,1.4578045860019198e-7,1.465481766739513e-7,1.958935350641518e-9,1.7262611221932214e-9,2.5324958634505432e-9
"comparing sums nf/whnf/nf/sum",1.3451182591974848e-7,1.3438651157224227e-7,1.3472886219060424e-7,8.240069816846193e-10,5.496876850839327e-10,1.3882551544395615e-9
"comparing sums nf/whnf/whnf/foldl",1.2540952816953922e-7,1.252983881378197e-7,1.2558511303537623e-7,7.015982272857063e-10,4.955326850379687e-10,1.0471659154752445e-9
"comparing sums nf/whnf/whnf/foldl'",1.2962893346156564e-7,1.2737053736829797e-7,1.3495199882089073e-7,1.743368765873267e-8,9.701387803369638e-9,2.7989510648607767e-8
"comparing sums nf/whnf/whnf/foldr",1.4397565082397284e-7,1.436812492072853e-7,1.4430650216463122e-7,1.6051571018863463e-9,1.4480133731267665e-9,1.7398467611509585e-9
"comparing sums nf/whnf/whnf/sum",1.2516419839476897e-7,1.2491626482106245e-7,1.2545590094365835e-7,1.382214736449847e-9,1.205237326463274e-9,1.569277158877497e-9
